&nml_inp_orbcharge
ene_min=-0.07349698662354843451418491841834d0
ene_max=0.07349698662354843451418491841834d0
nk=1
ns=1
neig=0
/
