&nml_inp_ldos
ene_min=-0.07349698662354843451418491841834d0
ene_max=0.07349698662354843451418491841834d0
ferm=0.385372212622315
nene=100
alph=10000.0d0
/
